#  wavelength                                                             z      
  807                                                                    0.0011 
  808                                                                    0.00215
  809                                                                    0.00196
  810                                                                    0.00176
  811                                                                    0.00394
  812                                                                    0.0011 
  813                                                                    0.00051
  814                                                                    0.00126
  815                                                                    0.00064
  816                                                                    0.0007 
  817                                                                    0.00255
  818                                                                    0.00233
  819                                                                    0.00211
  820                                                                    0.00182
  821                                                                    0.00154
  822                                                                    0.00161
  823                                                                    0.00165
  824                                                                    0.00254
  825                                                                    0.00345
  826                                                                    0.00429
  827                                                                    0.00513
  828                                                                    0.00324
  829                                                                    0.00865
  830                                                                    0.00297
  831                                                                    0.00628
  832                                                                    0.0137 
  833                                                                    0.02118
  834                                                                    0.00545
  835                                                                    0.00808
  836                                                                    0.01148
  837                                                                    0.0149 
  838                                                                    0.00892
  839                                                                    0.01277
  840                                                                    0.01917
  841                                                                    0.01921
  842                                                                    0.02189
  843                                                                    0.03835
  844                                                                    0.04119
  845                                                                    0.0931 
  846                                                                    0.08916
  847                                                                    0.18452
  848                                                                    0.18072
  849                                                                    0.32249
  850                                                                    0.31836
  851                                                                    0.45016
  852                                                                    0.44725
  853                                                                    0.51399
  854                                                                    0.51523
  855                                                                    0.54188
  856                                                                    0.53868
  857                                                                    0.54054
  858                                                                    0.53823
  859                                                                    0.53664
  860                                                                    0.54157
  861                                                                    0.53759
  862                                                                    0.54322
  863                                                                    0.54812
  864                                                                    0.55013
  865                                                                    0.55215
  866                                                                    0.54998
  867                                                                    0.55687
  868                                                                    0.55502
  869                                                                    0.55316
  870                                                                    0.55403
  871                                                                    0.55564
  872                                                                    0.55634
  873                                                                    0.55705
  874                                                                    0.55524
  875                                                                    0.55344
  876                                                                    0.55501
  877                                                                    0.55657
  878                                                                    0.55799
  879                                                                    0.56016
  880                                                                    0.56091
  881                                                                    0.56167
  882                                                                    0.56199
  883                                                                    0.56232
  884                                                                    0.56243
  885                                                                    0.56178
  886                                                                    0.56176
  887                                                                    0.56327
  888                                                                    0.56439
  889                                                                    0.56521
  890                                                                    0.56307
  891                                                                    0.56093
  892                                                                    0.55883
  893                                                                    0.55369
  894                                                                    0.55083
  895                                                                    0.53436
  896                                                                    0.53175
  897                                                                    0.5231 
  898                                                                    0.51974
  899                                                                    0.50833
  900                                                                    0.51134
  901                                                                    0.50552
  902                                                                    0.50986
  903                                                                    0.53168
  904                                                                    0.54416
  905                                                                    0.53921
  906                                                                    0.53698
  907                                                                    0.52312
  908                                                                    0.51629
  909                                                                    0.50678
  910                                                                    0.51222
  911                                                                    0.51562
  912                                                                    0.51417
  913                                                                    0.49889
  914                                                                    0.50725
  915                                                                    0.5119 
  916                                                                    0.513  
  917                                                                    0.51638
  918                                                                    0.51954
  919                                                                    0.53104
  920                                                                    0.5395 
  921                                                                    0.53659
  922                                                                    0.5357 
  923                                                                    0.53254
  924                                                                    0.52401
  925                                                                    0.5215 
  926                                                                    0.51788
  927                                                                    0.50763
  928                                                                    0.49472
  929                                                                    0.47685
  930                                                                    0.45444
  931                                                                    0.43012
  932                                                                    0.39789
  933                                                                    0.37175
  934                                                                    0.34324
  935                                                                    0.33745
  936                                                                    0.34371
  937                                                                    0.33682
  938                                                                    0.36013
  939                                                                    0.4181 
  940                                                                    0.42076
  941                                                                    0.40767
  942                                                                    0.38561
  943                                                                    0.34999
  944                                                                    0.34712
  945                                                                    0.35877
  946                                                                    0.36065
  947                                                                    0.37013
  948                                                                    0.37624
  949                                                                    0.37539
  950                                                                    0.37887
  951                                                                    0.39206
  952                                                                    0.3789 
  953                                                                    0.38937
  954                                                                    0.40001
  955                                                                    0.39142
  956                                                                    0.38994
  957                                                                    0.4161 
  958                                                                    0.4179 
  959                                                                    0.41328
  960                                                                    0.41207
  961                                                                    0.40768
  962                                                                    0.40874
  963                                                                    0.42122
  964                                                                    0.42052
  965                                                                    0.41666
  966                                                                    0.41941
  967                                                                    0.42794
  968                                                                    0.44209
  969                                                                    0.44739
  970                                                                    0.44704
  971                                                                    0.44607
  972                                                                    0.44323
  973                                                                    0.43791
  974                                                                    0.43137
  975                                                                    0.42733
  976                                                                    0.43028
  977                                                                    0.42734
  978                                                                    0.42217
  979                                                                    0.41938
  980                                                                    0.42755
  981                                                                    0.42161
  982                                                                    0.41523
  983                                                                    0.41286
  984                                                                    0.41211
  985                                                                    0.40962
  986                                                                    0.40693
  987                                                                    0.40199
  988                                                                    0.39782
  989                                                                    0.3931 
  990                                                                    0.39219
  991                                                                    0.3875 
  992                                                                    0.38065
  993                                                                    0.37328
  994                                                                    0.3566 
  995                                                                    0.33988
  996                                                                    0.30378
  997                                                                    0.26768
  998                                                                    0.2205 
  999                                                                    0.17368
  1000                                                                   0.1845 
  1001                                                                   0.09094
  1002                                                                   0.06517
  1003                                                                   0.03981
  1004                                                                   0.02803
  1005                                                                   0.01621
  1006                                                                   0.01095
  1007                                                                   0.0057 
  1008                                                                   0.00483
  1009                                                                   0.00396
  1010                                                                   0.00673
  1011                                                                   0.0018 
  1012                                                                   0.00155
  1013                                                                   0.0013 
  1014                                                                   0.00113
  1015                                                                   0.00096
  1016                                                                   0.00074
  1017                                                                   0.00052
  1018                                                                   0.00076
  1019                                                                   0.001  
  1020                                                                   0.00066
  1021                                                                   0.00064
  1022                                                                   0.00078
  1023                                                                   0.00091
  1024                                                                   0.00076
  1025                                                                   0.00062
  1026                                                                   0.00144
  1027                                                                   0.00226
  1028                                                                   0.00134
  1029                                                                   0.00041
  1030                                                                   0.0004 
  1031                                                                   0.00039
  1032                                                                   0.00039
  1033                                                                   0.00038
  1034                                                                   0.00037
  1035                                                                   0.00036
  1036                                                                   0.00035
  1037                                                                   0.00034
  1038                                                                   0.00033
  1039                                                                   0.00032
  1040                                                                   0.00031
  1041                                                                   0.0003 
  1042                                                                   0.00028
  1043                                                                   0.00027
  1044                                                                   0.00026
  1045                                                                   0.00025
  1046                                                                   0.00024
  1047                                                                   0.00023
  1048                                                                   0.00021
  1049                                                                   0.0002 
  1050                                                                   0.0002 
